  5.791016862746378700e-01
 -5.117977511430221700e-01
 -3.549913048344120500e-01
  5.260090040776657100e-01
  7.007670621854489300e-01
 -4.530392079995599900e-01
 -5.502831821753755300e-01
 -2.948592861093285400e-02
  8.571167148195265600e-01
 -4.546111441704701200e-02
 -3.910671835267585700e-01
  3.321907316909836200e-01
  9.344479250360603300e-01
 -3.544432671613143000e-01
 -3.283973343696102600e-02
  9.929635824350236500e-03
  4.946779218230441500e-01
 -8.435228305653370600e-01
 -1.938966074915901000e-01
  7.853084476260480100e-02
  4.798112814212003300e-01
  1.380872233749754800e-02
 -4.319153269054855600e-01
  7.635703004913687600e-01
  5.430061390943539100e-01
  3.733161975413523100e-01
 -6.614812273112767900e-01
  3.580809063240825200e-01
  7.212967991501796600e-02
  1.611178290150853400e-01
 -7.781381678062827500e-01
  6.027763650408867200e-01
  4.638282914249494700e-01
 -1.842205956093949100e-01
 -7.899695105337903900e-01
  3.561941333797282700e-01
  6.611575565090018800e-01
  8.471182020931301800e-02
 -7.353209103541800100e-01
 -1.224653084908992900e-01
  8.900317791669381000e-01
  1.056406293711336500e-02
 -2.705177499457059300e-01
 -3.668132762203519200e-01
  6.872517282372991900e-01
 -5.360588743237995100e-01
 -1.690406739653615200e-01
 -4.601643139563118000e-01
  2.321403591885213000e-01
 -6.792530301407965200e-01
 -6.598087716048535200e-01
  2.222128700000629800e-01
  9.363746945517786900e-02
 -7.946304858589665600e-01
 -2.244371938168563700e-01
  5.562574595357695500e-01
  9.016506322109960100e-02
 -9.633383891015255800e-01
  1.909037442307815200e-01
  1.655450690787295400e-01
  9.135364010659845200e-02
 -3.768634117706631800e-01
 -5.949035947715543000e-01
  7.040725773922260600e-01
 -3.129057759109685200e-01
 -6.517048175233005600e-01
 -5.708707253031684000e-01
  3.892010036090746100e-01
 -4.163912868497736700e-01
 -1.066872778095515900e-01
 -6.316493859276193200e-01
  6.451784049752740100e-01
 -9.062065961350118700e-02
 -2.642608171554707300e-01
 -9.194104487903703700e-01
  2.768366724670462400e-01
 -2.149130346968904100e-01
 -5.998488668634829300e-01
 -7.566880944301037600e-01
 -1.463449766398121900e-01
  2.774237444564216500e-01
 -3.151439249022879300e-01
 -8.925407739247938100e-01
 -1.645944698059120800e-01
  2.932099754181863900e-01
 -7.263644247161135100e-01
 -5.243076481433265300e-01
 -3.339522764116302200e-01
  5.187931060145523100e-01
 -2.033884689243388200e-01
 -5.933008267178602200e-01
 -5.809311257595779500e-01
  5.829157927718947600e-01
 -9.141995247948460400e-02
 -7.573728461841602900e-02
 -8.038130594512578100e-01
  5.465358791463635900e-01
  3.678913356153039600e-01
 -4.407490686442686600e-01
 -6.096677426878585000e-01
  1.745493257623881900e-01
  1.861810710018007300e-01
 -8.301492147297082600e-01
 -4.957029583935996800e-01
 -1.035526961364118800e-01
 -9.389272893142262000e-01
 -3.281408972766221600e-01
  3.991996795179928200e-03
  2.594793489281429500e-01
 -3.623804287703366600e-01
 -7.544470724847413000e-02
  8.919971908432482400e-01
  1.652751607760446500e-01
 -6.741263918793377600e-01
  3.296056568155380500e-01
  6.399983124957408000e-01
 -7.376092768808839600e-01
 -3.920009279615917500e-01
 -2.887031602115849300e-01
  4.678870722945383000e-01
  2.242745219779805900e-01
 -5.050156955472109300e-01
 -2.595979236626255200e-01
 -7.920031591304220700e-01
  4.161044392678983100e-01
 -5.044919271565058100e-01
  2.780039987704403500e-01
 -7.036041271362100100e-01
  8.375069813045902300e-01
 -1.778887061871066200e-01
  2.790407552449416500e-01
 -4.348263117492807700e-01
  8.629450004353903500e-01
  3.734241265532167700e-01
  1.720718013633895100e-01
 -2.937203484729810600e-01
  5.006948090456125900e-01
  4.426424340159967300e-01
  1.162931975684899100e-01
 -7.347436804780752600e-01
  2.476390417017962400e-02
 -1.398480468037516200e-01
  9.107661009268901200e-02
 -9.856644073666505100e-01
  7.218940994925088200e-01
 -1.225030790008636700e-01
  6.716365502832787000e-02
  6.777543420712579500e-01
  9.482429322672842900e-01
  1.396932228242372400e-01
  1.718776165615871500e-01
  2.275504995099516000e-01
  8.462125669747759800e-01
  4.363803242279693500e-01
 -3.046817736819659200e-01
  2.579769188636947500e-02
  4.044248638414896800e-01
  5.974778891815435400e-01
 -6.746769249117172700e-01
 -1.557939293991545400e-01
  5.394184496884110200e-01
  7.690926568393630100e-01
 -1.605602529368978000e-01
 -3.028937544888646300e-01
  7.094171251049820000e-01
  4.047064952459570300e-01
 -1.372027625962852200e-01
  5.604599871975376500e-01
  2.262419695236268800e-01
  5.359576104224688100e-01
 -3.829265332511380100e-01
  7.175871244584678400e-01
  6.993692896377458100e-01
  6.568246223011446900e-01
  2.168168881597290800e-01
  1.801511844515186200e-01
  4.672911945658513900e-01
  7.199587866308819800e-01
  4.103919729366986600e-01
 -3.080206382425237900e-01
  4.597736400320969200e-01
  7.981383366137909700e-01
 -2.927868587864451700e-01
  2.566305727713926200e-01
 -4.064424940448579800e-03
  9.039418300521074900e-01
 -4.055246027680359200e-01
 -1.357293073797144500e-01
  1.855386504852724900e-01
  9.758118244103316500e-01
  1.151162635293996700e-01
  1.072093224089977000e-02
  4.254892437020942100e-02
  8.497552257380550600e-01
  1.494874878094918000e-02
 -5.252448764868531400e-01
  1.100286163386063600e-01
  4.902032927488724800e-01
  5.353795238103152800e-01
 -6.789427080758840800e-01
 -1.081609493831674200e-01
  8.178905795671197500e-01
  5.030304770167052200e-01
 -2.575199954881926000e-01
 -3.804421464059868900e-01
  9.244433472946473900e-01
  1.652660647726335700e-02
 -1.987818299089261600e-02
  8.100328043425074700e-03
  5.841336146019706600e-01
 -4.802697401266851600e-01
 -6.542654520118509300e-01
 -4.085439630006588300e-02
  4.228088538172644100e-01
  1.189803431234266600e-02
 -9.052193260288861100e-01
 -3.122548151290878700e-01
  1.421798236728427900e-01
  4.335400954458822300e-01
 -8.332615518610191300e-01
 -3.410060832925104800e-01
  1.517840098163378600e-01
 -6.364722146081894800e-01
 -6.749663588308102400e-01
  1.446147285983732400e-01
  6.243588152775645500e-02
 -4.277731741000462800e-01
 -8.900553086694346100e-01
  4.074077428744418700e-02
  6.467414756550911000e-01
 -7.045664848475460300e-01
  2.892260731806654000e-01
 -3.296588344923246400e-01
  4.708888794692643900e-01
 -5.050912929489306300e-01
  6.437946115187049800e-01
  1.779129902924044500e-01
  2.001586168743696700e-01
 -9.611656114463990000e-01
  6.666455841768041700e-02
 -8.178313797871421300e-02
  8.803367391217075100e-01
 -2.072983658649690800e-01
  4.187435152985973200e-01
 -4.701067514138966800e-01
  7.196456233265496900e-01
 -4.908691158535817800e-01
  1.419765128573650900e-01
 -1.941536970680065000e-01
  5.313614526545195100e-01
 -7.953608438252686200e-01
 -2.176246232788481000e-01
 -4.828286877791169700e-01
  6.983233612118646700e-01
 -3.285944774479775400e-01
 -4.138195389707333700e-01
 -4.313572698731187900e-01
  6.227129580657441200e-01
  2.403812644337534600e-01
 -6.069401332041326500e-01
 -6.832503346414571200e-01
  6.108961489702878800e-01
  3.851508147002872800e-01
 -1.078597483833234800e-01
  3.140315481279288800e-01
  7.224837845380528400e-01
  1.434495211311353800e-01
  5.990188667706525200e-01
  3.080354138676930600e-01
  6.452751140476998800e-01
  6.314859786478087500e-01
  2.999327754102679700e-01
 -1.589957556854365000e-01
  8.372102277150312900e-01
  3.620270844055772900e-01
  3.778038835694516000e-01
 -3.202522484390544200e-01
  5.471911422158012300e-01
  7.628123973617450000e-01
  1.270338446301790300e-01
 -3.239483469939565800e-01
  3.506512645981625900e-01
  7.739915120696535500e-01
 -4.159787234459521600e-01
  1.973412559550762300e-01
  4.666872932566045200e-01
  8.394861773310806600e-01
 -1.962711315526218200e-01
 -2.682153460315348000e-01
 -4.931676573219141000e-02
 -9.344957967448641600e-01
 -2.287924619323843900e-01
 -6.177880011899278300e-01
 -2.556286265452642500e-01
 -7.313955571441749200e-01
  1.343597032822619300e-01
 -4.598985173447303600e-01
  5.895807048285525200e-01
  4.466279691086076600e-02
  6.624901363870147100e-01
 -6.237398619684126500e-02
  4.379403533514422100e-01
  4.114729810725447100e-01
  7.968737155908730600e-01
  1.813378683680169400e-01
  1.703019520480864900e-01
  7.923615357957299900e-01
  5.570251513314159500e-01
  3.309085009560531200e-01
  2.355408594243084700e-01
  5.826835070746337600e-02
  9.119346834299636400e-01
 -7.658189980488012700e-01
  1.769951427501360600e-01
  3.895515068066824300e-01
 -4.800454199500631100e-01
 -2.655723229332361800e-01
 -3.932931533016820700e-01
  6.571433332155564000e-01
 -5.856231522645024600e-01
 -5.990853987680571100e-01
 -2.926963557204365100e-01
  2.145694422794975600e-01
 -7.137124650521099500e-01
 -7.191211519210379800e-01
 -3.717085007732316400e-01
  5.303266215513631200e-01
 -2.518952833750430800e-01
 -9.005576498837576400e-01
 -2.661594208621421700e-01
 -9.409045676685881500e-02
 -3.306086324758875100e-01
 -6.781543591707057700e-01
  2.480912940919376400e-01
 -6.570527102959926600e-01
 -2.164234525790760500e-01
 -5.561609855470118800e-01
  2.282748035837291700e-01
 -1.185975120834016100e-01
 -7.902595790826036900e-01
 -8.763727276961754700e-01
  3.336477425705349200e-01
 -1.316992172152445800e-01
 -3.214114842578637600e-01
 -3.891223722796050000e-01
  2.489932747561948400e-01
 -8.527317237409270900e-01
  2.437924031702092500e-01
 -7.313885383364606700e-01
  1.615610102605477500e-01
 -2.292898769278491300e-01
  6.216067875209041500e-01
 -6.758745466598903300e-01
  1.191805340164890000e-01
  7.269346770996391000e-01
 -2.357059012574563200e-02
 -8.158869947939605400e-01
  5.316665367848889500e-01
 -7.441755505583230700e-02
  2.147583127349307300e-01
 -7.180498306562557200e-01
  3.604133869338652700e-01
  4.324232623419389500e-01
  4.092881056162480100e-01
 -9.692950691053602300e-01
  6.926207620220620200e-02
  2.344542470249298400e-01
  2.647715732793285900e-02
 -9.360311150115736600e-01
  1.512871071266880600e-02
 -3.332129642127584200e-01
  1.121873180128206700e-01
 -8.001096610291740200e-01
 -1.626913688964576300e-01
  2.343312420477003700e-01
  5.276788017485246600e-01
 -8.174833068376357000e-01
 -5.496782411514207200e-01
  1.305013768371674800e-01
  1.120011825387946400e-01
 -5.805756421803389700e-01
 -3.548393878181092000e-01
  6.729288318580797200e-01
  2.901512016412770600e-01
 -4.009568456197070100e-01
  3.704331757980810400e-02
  1.283191669288560600e-01
  9.063087729753367400e-01
 -5.907340431539763500e-02
  7.308331108260979200e-02
 -3.347867886679844500e-01
  9.375963783404724900e-01
 -3.002720562586928500e-01
 -4.263183383719465500e-01
 -1.928459165638521700e-01
  8.312038372520947900e-01
 -6.337458758031433400e-01
 -6.731530972445373100e-01
 -3.777896717106457000e-01
 -5.006032881789730000e-02
 -5.586429288721815900e-01
 -7.374485664460345100e-01
  9.442571426783719100e-02
 -3.676567344042647200e-01
 -6.234037416837912000e-01
 -2.836028842595077500e-01
 -5.916186302056840600e-01
 -4.253522955009029200e-01
 -3.557669642373501000e-01
 -2.819314373185251600e-01
 -2.933854466465443700e-01
 -8.413498151808546100e-01
  6.890575086246092400e-02
 -1.317196501660097600e-01
  4.186111130830533200e-01
  8.959166631230784900e-01
 -3.657215564863872100e-01
 -4.640749425230483700e-01
  3.684411887892094500e-01
  7.177278601580113800e-01
 -3.739105234841410600e-01
  3.678627282074943500e-02
  6.502314758160204800e-01
  6.603307644036382500e-01
 -1.231064690202068500e-02
 -3.721126221763878500e-01
  7.716695766574072100e-01
  5.156614285083233100e-01
  5.158175421488658800e-01
 -2.503446958114952100e-01
  5.816280862461148400e-01
  5.770342847528516800e-01
 -4.288481807193944000e-01
 -7.913033454744483600e-01
 -9.745683595964636800e-03
  4.356986056735308000e-01
 -3.996252065106235500e-01
 -8.048937888915144200e-01
  4.335661750749788500e-01
  6.682854746331662300e-02
  1.272423692566774500e-01
 -7.374356991568480300e-01
  5.571015909416964200e-01
 -3.600496999654758100e-01
 -2.211997289561610200e-01
 -7.441074201538175900e-01
 -3.465549865905924700e-01
 -5.265685790577949700e-01
  1.741661653578266700e-01
 -9.111083878116575900e-01
  8.389326831350969700e-03
 -3.734665603492621200e-01
  6.168350885491370400e-01
 -7.002355176544120500e-01
  3.072346803267154700e-01
 -1.865249167118880100e-01
  3.154914724505178400e-01
 -6.782590618480005600e-01
  6.397551067481412900e-01
  1.764743018735272000e-01
  6.644577967463576300e-01
 -6.057549356797136100e-01
  1.925774544374493900e-01
  3.930276304345972600e-01
 -2.021621014148679800e-01
  2.115780310483934800e-02
  9.608385659743681200e-01
  1.883403362416598600e-01
 -1.538345503291014500e-01
 -5.026232338669699400e-01
  8.503920560179419900e-01
 -2.319842588905573700e-02
  3.511416492444390700e-02
 -6.130812494842208900e-02
  9.408417524212140400e-01
 -3.313987117324793100e-01
  3.507379943861233000e-01
 -1.705326624600326500e-01
  9.102847046700007800e-01
  1.388640586046007200e-01
  4.975155372758124400e-01
 -3.243975271736989600e-01
  7.180960074953778300e-01
 -3.627432405324007600e-01
  1.857370468286148000e-01
 -9.013900319580052400e-02
  6.007222478438677400e-01
 -7.723402685886987500e-01
  5.806575175806454300e-01
  2.225098878615236500e-01
  6.110570788417994900e-01
 -4.898320564012340100e-01
  8.049331426987874600e-01
 -2.744499163948375100e-01
  5.197404383118086100e-01
  8.142331336521033100e-02
  6.152300428920690600e-01
  2.999207495390462400e-01
  4.349053509192296100e-01
  5.851468824669421300e-01
  6.664622075854360600e-01
  2.579856752888262100e-01
  6.955577606450080700e-01
  7.396565968486608400e-02
 -1.357945012694822800e-01
 -6.348008848954002100e-01
  1.722254012836149100e-01
 -7.408954724613231500e-01
 -3.125381307326437200e-02
 -3.262687241211300000e-01
 -7.138967597134254800e-01
 -6.188079955037936200e-01
