  9.918711011462458800e-01
 -5.083111105903029300e-02
  1.071643492845678800e-01
  4.608382690113172600e-02
  6.543545143159812400e-01
 -4.099248633590785700e-01
  6.343603209038513000e-01
  3.699674657453063500e-02
  7.354572498917720800e-01
  4.059444543137831200e-01
  1.093043983932768400e-02
 -5.423949290677735300e-01
 -3.413193206662895600e-01
 -2.974351547476051200e-01
 -1.252594029681808300e-01
 -8.828043565978964700e-01
  3.211917051367105800e-01
 -2.025729046970634300e-01
 -3.613765513376360200e-01
  8.515909199711349000e-01
 -6.686163953100203700e-01
 -5.444219583079773500e-01
  5.030678061041058400e-01
  5.898838611407870200e-02
  7.286844128548639600e-01
 -2.718398494939409700e-01
  2.715796391254806100e-01
 -5.668920728868482900e-01
  2.058030516541893600e-01
  9.658442760279756200e-02
  2.801076258281334800e-01
  9.326608548810170200e-01
  1.923341318920354600e-01
  6.866556671357687500e-01
  4.371150470985676300e-01
  5.481259089841372700e-01
  2.544196052987586200e-01
  8.323223686984231300e-01
 -2.554549103173810500e-01
  4.210141657932769400e-01
 -6.812401674603730800e-01
 -2.608147261178161400e-01
  2.052783456013424800e-01
  6.524939185201861200e-01
  6.730369889581626600e-01
  1.683587999070506900e-01
  5.535034890904163600e-01
  4.607715416046472800e-01
  6.766038623339765100e-01
 -4.245801637659462100e-01
  1.597107481726177900e-01
  5.800270467222804500e-01
  6.219610946530934600e-02
  9.688789789209489900e-01
  2.293709207452737400e-01
 -6.923979266970596600e-02
  1.981271479039184700e-01
 -1.051225785401787600e-01
  7.234630016163080500e-01
 -6.529135946178826800e-01
 -9.493648771738286700e-01
 -2.422844190704691000e-01
 -1.732708822082310300e-01
  9.990891673513441200e-02
  2.740303588358568600e-01
  4.039810041381477300e-02
  2.322140719951247500e-02
 -9.605915480405402600e-01
 -8.942021477414267000e-01
  3.122739631114473900e-01
  2.823233332670821400e-01
  1.522531655836897600e-01
  1.811214949251741300e-01
 -3.175599442759956500e-01
  7.409395674327690100e-01
  5.633464682413814600e-01
 -4.454651862035153300e-01
  3.812898156149411300e-01
 -3.040163101804251900e-01
 -7.508348204054413600e-01
  7.478094309868653600e-01
  2.699141207733115100e-01
 -1.454751019844272300e-01
  5.888670622788232400e-01
 -6.795261984768279400e-01
 -1.674692435756301400e-01
 -5.637657246875658100e-01
 -4.385959481200672500e-01
 -4.784531481554746800e-01
 -8.016113158458988400e-01
 -9.883862756991714000e-02
  3.445762746156755800e-01
  7.113967835384262800e-01
 -6.998093810491257100e-01
 -1.655894430575856000e-02
 -6.250798293258214000e-02
  4.074395145790588000e-02
  5.633791474284238800e-01
  7.030811719894347600e-01
 -4.319962178727738700e-01
 -4.542166366527435300e-01
 -2.147593392740517300e-02
  7.955926302992819600e-01
  4.003228670252116900e-01
  2.950509652716025700e-01
 -6.094107162006254800e-01
 -1.720447587111026700e-01
 -7.155166719735989200e-01
 -5.415979683836977800e-01
 -5.055285883059585500e-02
 -8.111440391064651500e-01
  2.148520349653555700e-01
  9.800687118919543300e-02
 -3.538700810880887100e-01
 -8.450305282652053100e-01
  3.887081491430839900e-01
 -3.164272043069314400e-01
  2.153266472336569100e-01
  3.803765950773750300e-01
 -8.419156164859721300e-01
  3.139634675913058300e-01
  3.613009641864390300e-01
 -5.571190975124330500e-01
 -6.786065616267829000e-01
  3.455805114211830700e-01
  3.068277530317043400e-01
 -7.361008534622163200e-01
  4.945567445982168600e-01
 -3.997975938525820100e-01
 -4.519574812276712600e-01
  5.198920680215455300e-01
 -6.046557340506296700e-01
  3.803734325149458800e-01
  3.159853662411778900e-02
 -9.123705453798223200e-01
 -1.479782830125349300e-01
  8.013790419434939600e-01
 -1.538480004673522500e-01
 -4.168722288316922800e-01
 -4.004247353933353400e-01
  6.727088029155075000e-01
  2.520074934503169800e-01
  6.493289266100322800e-01
 -2.496538299172211500e-01
  7.611778657114474100e-01
 -2.940386769842057200e-01
 -4.926920258492527600e-01
  3.023310782121199600e-01
 -4.145178410248629600e-02
 -8.533437102866212600e-01
  4.628681508765030700e-01
  2.363034841324835300e-01
 -1.172692859567587400e-02
 -2.608605567402070800e-01
 -7.198143835278652000e-01
 -6.431807695736093700e-01
  7.006643287980091100e-01
  6.811736707213695800e-01
  1.872001317569335100e-01
  1.001400985429784400e-01
 -3.349400770199601500e-01
 -6.671069037583625700e-01
 -6.626364765188400600e-01
 -6.079822160631794700e-02
 -6.268211246602117800e-01
 -6.912962734180828600e-01
 -7.042221667639370100e-02
 -3.524846825556559000e-01
 -4.590203572035699700e-02
 -5.568987362955154500e-01
  1.506252831563240100e-01
  8.155175195563013600e-01
 -7.334489136846432700e-01
  2.590861069573477900e-01
 -2.905796828652188500e-01
  5.572167694016857400e-01
 -2.854944674769578400e-01
  6.023273600411287500e-01
 -6.747059099415208000e-01
  3.169646596640031100e-01
 -8.588468191162664800e-01
  3.259582493178851700e-02
  1.032043432976027500e-01
 -5.006680706969418600e-01
 -3.703499195147467200e-01
  6.418819977666347900e-01
  6.535626368997214900e-01
  1.538971010357806100e-01
  2.344074726630851500e-01
 -7.390783864554946200e-01
  4.709793978316695300e-01
 -4.207073593986271300e-01
 -5.009840037382019600e-01
  8.204711250763823100e-01
 -2.274401240192050800e-02
  2.744537680816175300e-01
 -5.804885571712723500e-01
  6.818641688834461400e-01
  2.235812413545293900e-01
 -3.848450580434543100e-01
  6.686163953100212600e-01
  5.444219583079789000e-01
 -5.030678061041028400e-01
 -5.898838611407870200e-02
  4.145178410248615700e-02
  8.533437102866210400e-01
 -4.628681508765034000e-01
 -2.363034841324833700e-01
  2.920946756257361000e-01
 -7.918360773322450400e-01
 -3.075999983215060900e-01
  4.393843057492932700e-01
  7.383942017553729400e-03
 -9.784171784750141900e-01
 -1.193348864447752000e-01
 -1.685363080837073100e-01
 -4.293963534384130900e-01
  3.992977423853771900e-01
  3.209610046233545300e-01
  7.437500373720336000e-01
  9.698903053422970600e-02
  6.936497627098812100e-01
  5.310122895352691700e-02
 -7.117748198216772300e-01
 -9.342315553949789900e-02
  3.853970099817468600e-01
 -3.059207436288098300e-01
  8.655366874510682700e-01
 -3.787343512002775400e-01
 -3.206725318553826900e-01
 -4.407636651870101600e-01
  7.479684552073546700e-01
 -8.992992473458966100e-02
 -3.920120170389633200e-01
  9.114126353997312700e-01
 -8.698387878216955200e-02
  3.768391290334117700e-01
 -6.427715540980553100e-01
 -6.433004013025720400e-01
 -1.760726945203609800e-01
 -2.507015464080375500e-01
  3.270981438300606400e-01
 -8.509756017332674700e-01
 -3.255703674879683000e-01
 -8.075120887011320000e-01
  4.425253759316240500e-01
 -3.667330452213925000e-01
 -1.326740057462432200e-01
 -5.998235957565304400e-01
  1.262182987645104300e-01
  7.356182130243511500e-01
 -2.883512436206225300e-01
  1.543328737236008000e-01
  2.413117933628012300e-01
  9.453358129481376200e-01
  1.558530821957902200e-01
