 -3.341369734868704400e-01
  5.475846330096512100e-01
  5.253610825006218600e-01
 -5.590163554266501800e-01
  4.844333636596848100e-01
  4.388205278428726800e-01
  7.121709944218213000e-01
 -2.560729099715558500e-01
 -3.321410855413336500e-01
  1.823416993341195300e-01
  6.444261702860081000e-02
  9.231906374578736600e-01
  2.607625700166430500e-01
 -4.188995141880683700e-01
  3.468733557094051400e-01
  7.976245697006908400e-01
  3.048702629808839900e-01
 -2.393704884733519100e-01
 -5.319765826483888700e-01
  7.528325228838999000e-01
  1.012485354081372700e-01
 -2.108917457652761400e-01
  6.318635741215015100e-01
 -7.389328990809538300e-01
  7.334687255909857500e-01
  6.414560134828017900e-01
 -1.249095655916588300e-01
 -1.869636643051000300e-01
 -6.326563688991672100e-01
 -6.427234397811687500e-01
 -3.055815214883118000e-01
 -3.054053577985685300e-01
 -3.584642025693855500e-01
  2.663638956285915300e-03
 -8.596243647594058200e-02
 -9.295734398200741200e-01
  4.832027302797644000e-01
 -4.087544728944780800e-01
  7.733021450781960600e-01
  3.793012992858589600e-02
  8.786992142927229100e-01
  8.832505338137398900e-02
  2.484667906149038700e-01
  3.979329462460458600e-01
  1.201632868644729500e-01
 -6.077695855379077200e-01
 -7.826521768175300800e-01
 -6.027010459413660600e-02
 -6.510001964284046800e-01
  4.820719069273852700e-01
  5.152352050097327400e-01
  2.798894501765858400e-01
 -8.841353646342667800e-01
 -2.667759962461951900e-01
  8.559063799396077200e-02
  3.739110422515883300e-01
 -2.419167706780960800e-01
 -8.144433327612197200e-01
 -2.033160768127257000e-01
  4.866424834464830300e-01
 -3.547242092019007900e-01
 -3.110594476460071800e-01
  8.105710663002719800e-01
  3.469687333364308600e-01
  8.389488315381081800e-01
 -1.564376028792361900e-01
  1.873050071192801100e-01
 -4.864246794461481400e-01
  4.091858037958432900e-01
  1.456398288379249000e-01
 -5.442119218108509800e-01
 -7.177669554855181700e-01
  2.417155658299582300e-01
  5.020438066082574300e-01
 -8.294784724047411500e-01
  3.861431468886409500e-02
 -8.962832887639554700e-01
  3.241684193951177000e-01
 -1.566105863806441800e-01
 -2.589676164752071600e-01
 -5.137000738380466100e-01
 -1.306063833501054100e-01
 -7.187864944948193500e-01
  4.498890775500556400e-01
 -4.467780204339504300e-01
  7.055293858149729300e-01
 -4.039747907863585100e-01
  3.733926279638977200e-01
  8.291530762237373500e-01
 -1.167593476555188500e-01
 -5.457081881873995200e-01
  3.278725772303542300e-02
 -7.234426881989839400e-01
 -2.484265166532085000e-01
  4.979277342097306300e-01
 -4.086354294719742900e-01
  1.675701433983147700e-01
  3.733078014044912100e-01
  7.020451175425853600e-01
  5.828328966235782900e-01
  2.153578648534791000e-01
 -6.485469668411326700e-01
 -1.697812406081967200e-01
 -7.100578512941457800e-01
  5.772899773632864700e-01
 -8.034899929765219100e-01
 -2.945378985980399300e-02
  1.423818369223399400e-01
  3.728559282846639600e-01
  5.966239577152340200e-01
 -2.169221469030073200e-01
  6.767297038006995200e-01
  3.647828361909893900e-02
  9.627807727718575800e-01
  2.515122582671414100e-01
  9.200055622871022900e-02
 -1.789994069807713800e-01
  7.626963949487626200e-01
 -3.331483494093441800e-01
 -5.246576014111707900e-01
 -3.845059125072072300e-01
  4.450050735838873700e-02
 -8.226831999836155000e-01
 -4.163739431767609100e-01
 -1.473230726588752900e-01
 -8.883200241882824900e-01
  4.011137475002606900e-01
 -1.681999062270078400e-01
